 ElementsQQ = [ 189 ,127 ,134 ,157 ,199 ,200 ,201 ,202  ; 
110 ,107 ,130 ,129 ,203 ,204 ,205 ,206  ; 
145 ,148 ,133 ,159 ,207 ,208 ,209 ,210  ; 
164 ,132 ,177 ,101 ,211 ,212 ,213 ,214  ; 
100 ,139 ,38 ,39 ,215 ,216 ,46 ,217  ; 
97 ,182 ,158 ,180 ,218 ,219 ,220 ,221  ; 
135 ,123 ,151 ,131 ,222 ,223 ,224 ,225  ; 
127 ,121 ,119 ,134 ,226 ,227 ,228 ,200  ; 
98 ,169 ,176 ,128 ,229 ,230 ,231 ,232  ; 
180 ,131 ,129 ,130 ,233 ,234 ,205 ,235  ; 
111 ,129 ,131 ,151 ,236 ,234 ,224 ,237  ; 
183 ,108 ,36 ,136 ,238 ,239 ,240 ,241  ; 
191 ,107 ,83 ,84 ,242 ,243 ,91 ,244  ; 
188 ,35 ,36 ,108 ,245 ,43 ,239 ,246  ; 
119 ,123 ,135 ,134 ,247 ,222 ,248 ,228  ; 
121 ,127 ,149 ,125 ,226 ,249 ,250 ,251  ; 
167 ,130 ,185 ,104 ,252 ,253 ,254 ,255  ; 
142 ,141 ,144 ,143 ,256 ,257 ,258 ,259  ; 
96 ,110 ,129 ,111 ,260 ,206 ,236 ,261  ; 
184 ,171 ,124 ,193 ,262 ,263 ,264 ,265  ; 
162 ,146 ,144 ,181 ,266 ,267 ,268 ,269  ; 
139 ,100 ,140 ,138 ,215 ,270 ,271 ,272  ; 
141 ,147 ,181 ,144 ,273 ,274 ,268 ,257  ; 
111 ,151 ,116 ,113 ,237 ,275 ,276 ,277  ; 
4 ,174 ,170 ,56 ,278 ,279 ,280 ,64  ; 
107 ,110 ,82 ,83 ,203 ,281 ,90 ,243  ; 
142 ,138 ,140 ,141 ,282 ,271 ,283 ,256  ; 
110 ,96 ,81 ,82 ,260 ,284 ,89 ,281  ; 
139 ,95 ,37 ,38 ,285 ,286 ,45 ,216  ; 
149 ,128 ,126 ,125 ,287 ,288 ,289 ,250  ; 
95 ,136 ,36 ,37 ,290 ,240 ,44 ,286  ; 
158 ,157 ,134 ,135 ,291 ,201 ,248 ,292  ; 
146 ,94 ,170 ,161 ,293 ,294 ,295 ,296  ; 
40 ,41 ,187 ,150 ,48 ,297 ,298 ,299  ; 
39 ,40 ,150 ,100 ,47 ,299 ,300 ,217  ; 
119 ,116 ,151 ,123 ,301 ,275 ,223 ,247  ; 
113 ,116 ,117 ,115 ,276 ,302 ,303 ,304  ; 
148 ,161 ,163 ,160 ,305 ,306 ,307 ,308  ; 
96 ,111 ,113 ,112 ,261 ,277 ,309 ,310  ; 
143 ,144 ,146 ,145 ,258 ,267 ,311 ,312  ; 
128 ,149 ,168 ,98 ,287 ,313 ,314 ,232  ; 
116 ,119 ,120 ,117 ,301 ,315 ,316 ,302  ; 
112 ,164 ,81 ,96 ,317 ,318 ,284 ,310  ; 
133 ,114 ,115 ,159 ,319 ,320 ,321 ,209  ; 
161 ,148 ,145 ,146 ,305 ,207 ,311 ,296  ; 
166 ,102 ,181 ,147 ,322 ,323 ,274 ,324  ; 
112 ,113 ,115 ,114 ,309 ,304 ,320 ,325  ; 
119 ,121 ,122 ,120 ,227 ,326 ,327 ,315  ; 
137 ,193 ,124 ,190 ,328 ,264 ,329 ,330  ; 
101 ,80 ,81 ,164 ,331 ,88 ,318 ,214  ; 
159 ,115 ,117 ,118 ,321 ,303 ,332 ,333  ; 
137 ,95 ,139 ,138 ,334 ,285 ,272 ,335  ; 
131 ,180 ,158 ,135 ,233 ,220 ,292 ,225  ; 
164 ,112 ,114 ,132 ,317 ,325 ,336 ,211  ; 
121 ,125 ,126 ,122 ,251 ,289 ,337 ,326  ; 
145 ,159 ,118 ,192 ,210 ,333 ,338 ,339  ; 
174 ,163 ,161 ,170 ,340 ,306 ,295 ,279  ; 
137 ,138 ,142 ,193 ,335 ,282 ,341 ,328  ; 
177 ,154 ,198 ,101 ,342 ,343 ,344 ,213  ; 
120 ,171 ,118 ,117 ,345 ,346 ,332 ,316  ; 
56 ,170 ,94 ,55 ,280 ,294 ,347 ,63  ; 
79 ,153 ,152 ,78 ,348 ,349 ,350 ,86  ; 
53 ,102 ,166 ,52 ,351 ,322 ,352 ,60  ; 
171 ,120 ,122 ,124 ,345 ,327 ,353 ,263  ; 
146 ,162 ,196 ,94 ,266 ,354 ,355 ,293  ; 
141 ,140 ,178 ,147 ,283 ,356 ,357 ,273  ; 
187 ,106 ,178 ,150 ,358 ,359 ,360 ,298  ; 
52 ,166 ,106 ,51 ,352 ,361 ,362 ,59  ; 
181 ,102 ,196 ,162 ,323 ,363 ,354 ,269  ; 
80 ,101 ,198 ,79 ,331 ,344 ,364 ,87  ; 
194 ,154 ,177 ,160 ,365 ,342 ,366 ,367  ; 
176 ,188 ,108 ,175 ,368 ,246 ,369 ,370  ; 
160 ,163 ,156 ,194 ,307 ,371 ,372 ,367  ; 
95 ,137 ,183 ,136 ,334 ,373 ,241 ,290  ; 
152 ,153 ,197 ,155 ,349 ,374 ,375 ,376  ; 
55 ,94 ,196 ,54 ,347 ,355 ,377 ,62  ; 
171 ,184 ,192 ,118 ,262 ,378 ,338 ,346  ; 
16 ,98 ,168 ,15 ,379 ,314 ,380 ,30  ; 
193 ,142 ,143 ,184 ,341 ,259 ,381 ,265  ; 
179 ,93 ,189 ,157 ,382 ,383 ,202 ,384  ; 
126 ,183 ,137 ,190 ,385 ,373 ,330 ,386  ; 
148 ,160 ,177 ,133 ,308 ,366 ,387 ,208  ; 
163 ,174 ,99 ,156 ,340 ,388 ,389 ,371  ; 
100 ,150 ,178 ,140 ,300 ,360 ,356 ,270  ; 
114 ,133 ,177 ,132 ,319 ,387 ,212 ,336  ; 
41 ,3 ,50 ,187 ,49 ,57 ,390 ,297  ; 
156 ,99 ,186 ,155 ,389 ,391 ,392 ,393  ; 
13 ,93 ,179 ,12 ,394 ,382 ,395 ,27  ; 
10 ,97 ,167 ,9 ,396 ,397 ,398 ,24  ; 
17 ,169 ,98 ,16 ,399 ,229 ,379 ,31  ; 
15 ,168 ,195 ,14 ,380 ,400 ,401 ,29  ; 
149 ,127 ,189 ,165 ,249 ,199 ,402 ,403  ; 
195 ,165 ,189 ,93 ,404 ,402 ,383 ,405  ; 
66 ,67 ,105 ,186 ,73 ,406 ,407 ,408  ; 
78 ,152 ,105 ,109 ,350 ,409 ,410 ,411  ; 
147 ,178 ,106 ,166 ,357 ,359 ,361 ,324  ; 
97 ,10 ,11 ,182 ,396 ,25 ,412 ,218  ; 
149 ,165 ,195 ,168 ,403 ,404 ,400 ,313  ; 
126 ,128 ,176 ,175 ,288 ,231 ,370 ,413  ; 
12 ,179 ,182 ,11 ,395 ,414 ,412 ,26  ; 
102 ,53 ,54 ,196 ,351 ,61 ,377 ,363  ; 
93 ,13 ,14 ,195 ,394 ,28 ,401 ,405  ; 
9 ,167 ,104 ,8 ,398 ,255 ,415 ,23  ; 
18 ,103 ,169 ,17 ,416 ,417 ,399 ,32  ; 
126 ,190 ,124 ,122 ,386 ,329 ,353 ,337  ; 
51 ,106 ,187 ,50 ,362 ,358 ,390 ,58  ; 
186 ,105 ,152 ,155 ,407 ,409 ,376 ,392  ; 
145 ,192 ,184 ,143 ,339 ,378 ,381 ,312  ; 
157 ,158 ,182 ,179 ,291 ,219 ,414 ,384  ; 
130 ,167 ,97 ,180 ,252 ,397 ,221 ,235  ; 
8 ,104 ,172 ,7 ,415 ,418 ,419 ,22  ; 
19 ,173 ,103 ,18 ,420 ,421 ,416 ,33  ; 
105 ,69 ,70 ,109 ,422 ,76 ,423 ,410  ; 
108 ,183 ,126 ,175 ,238 ,385 ,413 ,369  ; 
79 ,198 ,197 ,153 ,364 ,424 ,374 ,348  ; 
104 ,185 ,191 ,172 ,254 ,425 ,426 ,418  ; 
169 ,103 ,188 ,176 ,417 ,427 ,368 ,230  ; 
198 ,154 ,194 ,197 ,343 ,365 ,428 ,424  ; 
155 ,197 ,194 ,156 ,375 ,428 ,372 ,393  ; 
35 ,188 ,103 ,173 ,245 ,427 ,421 ,429  ; 
174 ,4 ,65 ,99 ,278 ,71 ,430 ,388  ; 
130 ,107 ,191 ,185 ,204 ,242 ,425 ,253  ; 
70 ,5 ,78 ,109 ,77 ,85 ,411 ,423  ; 
7 ,172 ,1 ,6 ,419 ,431 ,20 ,21  ; 
191 ,84 ,1 ,172 ,244 ,92 ,431 ,426  ; 
19 ,2 ,35 ,173 ,34 ,42 ,429 ,420  ; 
99 ,65 ,66 ,186 ,430 ,72 ,408 ,391  ; 
67 ,68 ,69 ,105 ,74 ,75 ,422 ,406  ; 
 ]; 
