 NodesQQ = [ 0.0 , -5.0 ;  
5.0 , -5.0 ;  
5.0 , 0.0 ;  
1.0 , 0.0 ;  
0.0 , 0.0 ;  
0.333333333333 , -5.0 ;  
0.666666666666 , -5.0 ;  
0.999999999998 , -5.0 ;  
1.33333333333 , -5.0 ;  
1.66666666666 , -5.0 ;  
2.0 , -5.0 ;  
2.33333333333 , -5.0 ;  
2.66666666666 , -5.0 ;  
3.0 , -5.0 ;  
3.33333333333 , -5.0 ;  
3.66666666666 , -5.0 ;  
4.0 , -5.0 ;  
4.33333333333 , -5.0 ;  
4.66666666667 , -5.0 ;  
0.166666666667 , -5.0 ;  
0.5 , -5.0 ;  
0.833333333332 , -5.0 ;  
1.16666666666 , -5.0 ;  
1.5 , -5.0 ;  
1.83333333333 , -5.0 ;  
2.16666666666 , -5.0 ;  
2.5 , -5.0 ;  
2.83333333333 , -5.0 ;  
3.16666666666 , -5.0 ;  
3.5 , -5.0 ;  
3.83333333333 , -5.0 ;  
4.16666666667 , -5.0 ;  
4.5 , -5.0 ;  
4.83333333333 , -5.0 ;  
5.0 , -4.375 ;  
5.0 , -3.75 ;  
5.0 , -3.125 ;  
5.0 , -2.5 ;  
5.0 , -1.875 ;  
5.0 , -1.25 ;  
5.0 , -0.625 ;  
5.0 , -4.6875 ;  
5.0 , -4.0625 ;  
5.0 , -3.4375 ;  
5.0 , -2.8125 ;  
5.0 , -2.1875 ;  
5.0 , -1.5625 ;  
5.0 , -0.9375 ;  
5.0 , -0.3125 ;  
4.5 , 0.0 ;  
4.00000000001 , 0.0 ;  
3.50000000001 , 0.0 ;  
3.00000000001 , 0.0 ;  
2.50000000001 , 0.0 ;  
2.00000000001 , 0.0 ;  
1.5 , 0.0 ;  
4.75 , 0.0 ;  
4.25 , 0.0 ;  
3.75000000001 , 0.0 ;  
3.25000000001 , 0.0 ;  
2.75000000001 , 0.0 ;  
2.25000000001 , 0.0 ;  
1.75 , 0.0 ;  
1.25 , 0.0 ;  
0.857142857142 , 0.0 ;  
0.714285714286 , 0.0 ;  
0.57142857143 , 0.0 ;  
0.428571428573 , 0.0 ;  
0.285714285715 , 0.0 ;  
0.142857142858 , 0.0 ;  
0.928571428571 , 0.0 ;  
0.785714285714 , 0.0 ;  
0.642857142858 , 0.0 ;  
0.500000000002 , 0.0 ;  
0.357142857144 , 0.0 ;  
0.214285714287 , 0.0 ;  
0.0714285714289 , 0.0 ;  
0.0 , -0.624999999999 ;  
0.0 , -1.25 ;  
0.0 , -1.875 ;  
0.0 , -2.5 ;  
0.0 , -3.125 ;  
0.0 , -3.75 ;  
0.0 , -4.375 ;  
0.0 , -0.3125 ;  
0.0 , -0.937499999999 ;  
0.0 , -1.5625 ;  
0.0 , -2.1875 ;  
0.0 , -2.8125 ;  
0.0 , -3.4375 ;  
0.0 , -4.0625 ;  
0.0 , -4.6875 ;  
2.62963740676 , -4.71937338203 ;  
2.19127746833 , -0.428404816633 ;  
4.48697608965 , -2.94890249729 ;  
0.748225788719 , -2.94714580177 ;  
1.56978671336 , -4.6568329988 ;  
3.61680994941 , -4.6568293506 ;  
0.958259210016 , -0.309541119939 ;  
4.49189850499 , -1.71928802065 ;  
0.557899238915 , -1.73786764919 ;  
3.06986806174 , -0.421051407751 ;  
4.36347809715 , -4.6729822091 ;  
0.851128426732 , -4.69106001029 ;  
0.417890920574 , -0.221029478878 ;  
4.01861105943 , -0.502379537524 ;  
0.475805595665 , -3.93391795158 ;  
4.35151691254 , -3.91018312374 ;  
0.199115121798 , -0.249739273734 ;  
0.564936975746 , -3.42848551548 ;  
1.26083029365 , -3.26056840634 ;  
1.07259076058 , -2.55870619341 ;  
1.52200016031 , -2.87148931248 ;  
1.38474956932 , -2.20993320443 ;  
1.80263103866 , -2.49707121481 ;  
1.94544853909 , -3.17066159791 ;  
2.22166344659 , -2.80462143243 ;  
2.47033758304 , -2.42397311011 ;  
2.35642310768 , -3.55821258294 ;  
2.63988782553 , -3.10810294208 ;  
2.87414137285 , -3.76648616853 ;  
3.0671016994 , -3.38372843289 ;  
1.97910248827 , -3.69255938076 ;  
3.25280279085 , -2.97489849041 ;  
3.17959054556 , -3.93200265099 ;  
3.59217390331 , -3.70990281108 ;  
2.72589096198 , -4.12294627429 ;  
3.58817394117 , -4.27157385329 ;  
1.08862669862 , -3.69367711931 ;  
0.993595401799 , -4.20884657975 ;  
1.54963886973 , -3.87856668326 ;  
1.07307590202 , -2.00785215239 ;  
1.62513420944 , -1.81992679724 ;  
2.34161890754 , -4.03196060756 ;  
1.95297275789 , -3.9752351355 ;  
4.5024666543 , -3.36905022137 ;  
3.89821458086 , -2.8765825803 ;  
3.96499916529 , -2.18671167888 ;  
4.47916755923 , -2.34320554731 ;  
3.99857961974 , -1.5914048389 ;  
3.51591089199 , -1.45974283403 ;  
3.48002250996 , -2.00472910841 ;  
3.00716480563 , -1.80126831144 ;  
3.03285900572 , -1.29072208393 ;  
2.4740997832 , -1.65163206772 ;  
2.45988076191 , -0.982154606728 ;  
3.5373309268 , -0.942185348961 ;  
1.8043164605 , -1.36628088834 ;  
3.12734475855 , -4.29037700287 ;  
4.5057794739 , -1.13226796118 ;  
1.69663558667 , -3.50971880626 ;  
0.378563415413 , -0.594831235687 ;  
0.37856341294 , -0.857875711985 ;  
0.870392873148 , -1.27737649231 ;  
0.684440657217 , -0.592749081243 ;  
0.999116336168 , -0.654676794441 ;  
2.30375835111 , -4.38202649316 ;  
1.93004149853 , -4.33245457577 ;  
2.07071180408 , -2.10902702498 ;  
1.32631432942 , -1.16308060379 ;  
1.83771180637 , -0.874976342156 ;  
2.74155361566 , -0.732192173011 ;  
1.36604131293 , -0.753877129527 ;  
0.718485563129 , -2.18509308406 ;  
2.88853822794 , -4.49358985686 ;  
3.53164194813 , -0.462860845096 ;  
1.19837127282 , -4.65527200153 ;  
3.26180208177 , -4.67662595041 ;  
3.99249791752 , -4.65559635786 ;  
1.73145681981 , -0.382585519609 ;  
2.84846869301 , -2.70602713645 ;  
0.494958308232 , -4.74664662434 ;  
4.64388635579 , -4.71288453787 ;  
1.27784340242 , -0.339732424185 ;  
4.00145836025 , -3.9939227777 ;  
3.99177529304 , -4.28811486007 ;  
1.09211838795 , -1.60057468419 ;  
4.01536616381 , -1.03763029053 ;  
2.30280550779 , -4.69711744762 ;  
1.51976755075 , -4.26901369998 ;  
3.07732425602 , -0.839731834246 ;  
1.9504795874 , -4.67189761745 ;  
4.14685195042 , -3.47194193424 ;  
2.97700420646 , -2.28519316313 ;  
0.743167639444 , -4.43473675709 ;  
0.697484907527 , -0.286522557752 ;  
4.50677696695 , -0.563608089442 ;  
4.41945884901 , -4.3029254384 ;  
2.64850375522 , -4.43305832223 ;  
3.56979201589 , -3.17310980011 ;  
0.43695684397 , -4.38597465493 ;  
2.64535248624 , -2.14850294391 ;  
3.38820601482 , -2.51684669324 ;  
0.951854079924 , -1.01452268368 ;  
2.94239509612 , -4.7104841322 ;  
2.63072332357 , -0.414320067324 ;  
0.61955357768 , -0.934349673222 ;  
0.54586974216 , -1.30752698324 ;  
2.6871973586 , -4.27800229826 ;  
2.53375493476 , -4.07745344093 ;  
2.32268862933 , -4.20699355036 ;  
2.47613105316 , -4.40754240769 ;  
0.520371285705 , -3.68120173353 ;  
0.734700498732 , -4.07138226566 ;  
1.04111105021 , -3.95126184953 ;  
0.826781837185 , -3.5610813174 ;  
2.13920812185 , -1.50895647803 ;  
1.71472533497 , -1.59310384279 ;  
1.84792300676 , -1.96447691111 ;  
2.27240579364 , -1.88032954635 ;  
0.895780732574 , -2.09647261823 ;  
1.08259714498 , -1.80421341829 ;  
0.82500881343 , -1.66922116669 ;  
0.638192401022 , -1.96148036663 ;  
4.48553303211 , -2.03124678398 ;  
4.73958377962 , -2.42160277366 ;  
4.7459492525 , -1.79714401033 ;  
1.76013315038 , -4.66436530813 ;  
1.94026054297 , -4.50217609661 ;  
1.72490452464 , -4.30073413787 ;  
1.54477713205 , -4.46292334939 ;  
1.96603762308 , -3.83389725813 ;  
1.83786903747 , -3.60113909351 ;  
1.6231372282 , -3.69414274476 ;  
1.75130581381 , -3.92690090938 ;  
2.80001616742 , -3.94471622141 ;  
2.61528224027 , -3.66234937574 ;  
2.34902100761 , -3.79508659525 ;  
3.80465393346 , -4.65621285423 ;  
3.99213660528 , -4.47185560897 ;  
3.78997461711 , -4.27984435668 ;  
3.60249194529 , -4.46420160194 ;  
1.53470321024 , -4.07379019162 ;  
1.31913278418 , -3.78612190129 ;  
1.25668147627 , -4.23893013987 ;  
1.17472849614 , -3.47712276283 ;  
1.47873294016 , -3.3851436063 ;  
4.24918443148 , -3.69106252899 ;  
4.67575845627 , -3.83009156187 ;  
4.75123332715 , -3.55952511068 ;  
4.32465930236 , -3.4204960778 ;  
0.456381219818 , -4.15994630325 ;  
0.237902797833 , -3.84195897579 ;  
0.218478421985 , -4.38048732746 ;  
4.7097294245 , -4.3389627192 ;  
4.38548788077 , -4.10655428107 ;  
2.16776279798 , -3.62538598185 ;  
2.14729583272 , -4.00359787153 ;  
2.92661786027 , -4.20666163858 ;  
3.15346765206 , -4.11118982693 ;  
3.0268659592 , -3.84924440976 ;  
1.09598333731 , -4.43205929064 ;  
0.868381520621 , -4.32179166842 ;  
0.797148033088 , -4.56289838369 ;  
1.02474984977 , -4.67316600591 ;  
3.49796670097 , -1.73223597122 ;  
3.27438494885 , -1.37523245898 ;  
3.02001190567 , -1.54599519769 ;  
3.24359365779 , -1.90299870993 ;  
0.656581382232 , -3.18781565862 ;  
1.00452804118 , -3.10385710405 ;  
2.91273644973 , -2.49561014979 ;  
3.05063574193 , -2.84046281343 ;  
3.32050440284 , -2.74587259183 ;  
3.18260511064 , -2.40101992819 ;  
