 Elements = [ 1 ,5 ,17 ,14 ,6 ,18 ,19 ,16  ; 
14 ,17 ,11 ,4 ,19 ,20 ,13 ,15  ; 
5 ,2 ,8 ,17 ,7 ,9 ,21 ,18  ; 
17 ,8 ,3 ,11 ,21 ,10 ,12 ,20  ; 
 ]; 
