 Nodes = [ 0.0 , 0.0 ;  
1.0 , 0.0 ;  
1.0 , 1.0 ;  
0.0 , 1.0 ;  
0.499999999999 , 0.0 ;  
0.249999999999 , 0.0 ;  
0.749999999999 , 0.0 ;  
1.0 , 0.499999999999 ;  
1.0 , 0.249999999999 ;  
1.0 , 0.749999999999 ;  
0.500000000002 , 1.0 ;  
0.750000000001 , 1.0 ;  
0.250000000001 , 1.0 ;  
0.0 , 0.500000000002 ;  
0.0 , 0.750000000001 ;  
0.0 , 0.250000000001 ;  
0.5 , 0.5 ;  
0.5 , 0.25 ;  
0.25 , 0.500000000001 ;  
0.500000000001 , 0.75 ;  
0.75 , 0.5 ;  
 ]; 
