 Elements = [ 107 ,71 ,90 ,112 ,129 ,130 ,131 ,132  ; 
102 ,91 ,118 ,67 ,133 ,134 ,135 ,136  ; 
50 ,114 ,76 ,124 ,137 ,138 ,139 ,140  ; 
94 ,92 ,38 ,65 ,141 ,142 ,143 ,144  ; 
79 ,81 ,82 ,80 ,145 ,146 ,147 ,148  ; 
75 ,37 ,38 ,92 ,149 ,43 ,142 ,150  ; 
81 ,99 ,83 ,82 ,151 ,152 ,153 ,146  ; 
111 ,78 ,79 ,80 ,154 ,155 ,148 ,156  ; 
83 ,85 ,95 ,86 ,157 ,158 ,159 ,160  ; 
85 ,87 ,90 ,88 ,161 ,162 ,163 ,164  ; 
83 ,99 ,87 ,85 ,152 ,165 ,161 ,157  ; 
95 ,96 ,97 ,86 ,166 ,167 ,168 ,159  ; 
83 ,100 ,101 ,84 ,169 ,170 ,171 ,172  ; 
97 ,100 ,83 ,86 ,173 ,169 ,160 ,168  ; 
54 ,55 ,74 ,102 ,62 ,174 ,175 ,176  ; 
9 ,103 ,71 ,8 ,177 ,178 ,179 ,16  ; 
10 ,11 ,73 ,104 ,18 ,180 ,181 ,182  ; 
53 ,54 ,102 ,67 ,61 ,176 ,136 ,183  ; 
10 ,66 ,103 ,9 ,184 ,185 ,177 ,17  ; 
23 ,24 ,105 ,68 ,31 ,186 ,187 ,188  ; 
24 ,25 ,70 ,105 ,32 ,189 ,190 ,186  ; 
123 ,77 ,114 ,69 ,191 ,192 ,193 ,194  ; 
40 ,4 ,76 ,72 ,46 ,195 ,196 ,197  ; 
51 ,52 ,106 ,69 ,59 ,198 ,199 ,200  ; 
67 ,106 ,52 ,53 ,201 ,198 ,60 ,183  ; 
110 ,72 ,77 ,78 ,202 ,203 ,204 ,205  ; 
72 ,110 ,39 ,40 ,202 ,206 ,45 ,197  ; 
25 ,26 ,108 ,70 ,33 ,207 ,208 ,189  ; 
128 ,68 ,100 ,97 ,209 ,210 ,173 ,211  ; 
67 ,118 ,89 ,106 ,135 ,212 ,213 ,201  ; 
8 ,71 ,107 ,7 ,179 ,129 ,214 ,15  ; 
78 ,77 ,123 ,79 ,204 ,191 ,215 ,155  ; 
87 ,99 ,118 ,91 ,165 ,216 ,134 ,217  ; 
78 ,111 ,65 ,110 ,154 ,218 ,219 ,205  ; 
91 ,102 ,74 ,112 ,133 ,175 ,220 ,221  ; 
101 ,105 ,70 ,127 ,222 ,190 ,223 ,224  ; 
6 ,119 ,56 ,1 ,225 ,226 ,64 ,13  ; 
92 ,93 ,126 ,75 ,227 ,228 ,229 ,150  ; 
38 ,39 ,110 ,65 ,44 ,206 ,219 ,143  ; 
12 ,2 ,21 ,120 ,20 ,28 ,230 ,231  ; 
105 ,101 ,100 ,68 ,222 ,170 ,210 ,187  ; 
36 ,121 ,27 ,3 ,232 ,233 ,35 ,41  ; 
82 ,113 ,111 ,80 ,234 ,235 ,156 ,147  ; 
87 ,91 ,112 ,90 ,217 ,221 ,131 ,162  ; 
4 ,47 ,124 ,76 ,48 ,236 ,139 ,195  ; 
83 ,84 ,113 ,82 ,172 ,237 ,234 ,153  ; 
72 ,76 ,114 ,77 ,196 ,138 ,192 ,203  ; 
92 ,94 ,115 ,93 ,141 ,238 ,239 ,227  ; 
50 ,51 ,69 ,114 ,58 ,200 ,193 ,137  ; 
69 ,106 ,89 ,123 ,199 ,213 ,240 ,194  ; 
127 ,115 ,84 ,101 ,241 ,242 ,171 ,224  ; 
84 ,115 ,94 ,113 ,242 ,238 ,243 ,237  ; 
73 ,117 ,122 ,104 ,244 ,245 ,246 ,181  ; 
109 ,22 ,23 ,116 ,247 ,30 ,248 ,249  ; 
37 ,75 ,121 ,36 ,149 ,250 ,232 ,42  ; 
10 ,104 ,122 ,66 ,182 ,246 ,251 ,184  ; 
81 ,89 ,118 ,99 ,252 ,212 ,216 ,151  ; 
7 ,107 ,119 ,6 ,214 ,253 ,225 ,14  ; 
65 ,111 ,113 ,94 ,218 ,235 ,243 ,144  ; 
109 ,98 ,96 ,117 ,254 ,255 ,256 ,257  ; 
88 ,103 ,66 ,125 ,258 ,185 ,259 ,260  ; 
23 ,68 ,128 ,116 ,188 ,209 ,261 ,248  ; 
11 ,12 ,120 ,73 ,19 ,231 ,262 ,180  ; 
55 ,56 ,119 ,74 ,63 ,226 ,263 ,174  ; 
117 ,96 ,95 ,122 ,256 ,166 ,264 ,245  ; 
115 ,127 ,126 ,93 ,241 ,265 ,228 ,239  ; 
90 ,71 ,103 ,88 ,130 ,178 ,258 ,163  ; 
66 ,122 ,95 ,125 ,251 ,264 ,266 ,259  ; 
85 ,88 ,125 ,95 ,164 ,260 ,266 ,158  ; 
81 ,79 ,123 ,89 ,145 ,215 ,240 ,252  ; 
96 ,98 ,128 ,97 ,255 ,267 ,211 ,167  ; 
112 ,74 ,119 ,107 ,220 ,263 ,253 ,132  ; 
126 ,108 ,121 ,75 ,268 ,269 ,250 ,229  ; 
50 ,124 ,47 ,5 ,140 ,236 ,49 ,57  ; 
117 ,73 ,120 ,109 ,244 ,262 ,270 ,257  ; 
26 ,27 ,121 ,108 ,34 ,233 ,269 ,207  ; 
22 ,109 ,120 ,21 ,247 ,270 ,230 ,29  ; 
109 ,116 ,128 ,98 ,249 ,261 ,267 ,254  ; 
108 ,126 ,127 ,70 ,268 ,265 ,223 ,208  ; 
 ]; 
