 Nodes = [ 0.0 , -5.0 ;  
5.0 , -5.0 ;  
5.0 , 0.0 ;  
1.0 , 0.0 ;  
0.0 , 0.0 ;  
0.624999999999 , -5.0 ;  
1.25 , -5.0 ;  
1.875 , -5.0 ;  
2.5 , -5.0 ;  
3.125 , -5.0 ;  
3.75 , -5.0 ;  
4.375 , -5.0 ;  
0.3125 , -5.0 ;  
0.937499999999 , -5.0 ;  
1.5625 , -5.0 ;  
2.1875 , -5.0 ;  
2.8125 , -5.0 ;  
3.4375 , -5.0 ;  
4.0625 , -5.0 ;  
4.6875 , -5.0 ;  
5.0 , -4.375 ;  
5.0 , -3.75 ;  
5.0 , -3.125 ;  
5.0 , -2.5 ;  
5.0 , -1.875 ;  
5.0 , -1.25 ;  
5.0 , -0.625 ;  
5.0 , -4.6875 ;  
5.0 , -4.0625 ;  
5.0 , -3.4375 ;  
5.0 , -2.8125 ;  
5.0 , -2.1875 ;  
5.0 , -1.5625 ;  
5.0 , -0.9375 ;  
5.0 , -0.3125 ;  
4.33333333334 , 0.0 ;  
3.66666666667 , 0.0 ;  
3.00000000001 , 0.0 ;  
2.33333333334 , 0.0 ;  
1.66666666667 , 0.0 ;  
4.66666666667 , 0.0 ;  
4.00000000001 , 0.0 ;  
3.33333333334 , 0.0 ;  
2.66666666668 , 0.0 ;  
2.00000000001 , 0.0 ;  
1.33333333334 , 0.0 ;  
0.500000000002 , 0.0 ;  
0.750000000001 , 0.0 ;  
0.250000000001 , 0.0 ;  
0.0 , -0.624999999999 ;  
0.0 , -1.25 ;  
0.0 , -1.875 ;  
0.0 , -2.5 ;  
0.0 , -3.125 ;  
0.0 , -3.75 ;  
0.0 , -4.375 ;  
0.0 , -0.3125 ;  
0.0 , -0.937499999999 ;  
0.0 , -1.5625 ;  
0.0 , -2.1875 ;  
0.0 , -2.8125 ;  
0.0 , -3.4375 ;  
0.0 , -4.0625 ;  
0.0 , -4.6875 ;  
2.57871002447 , -0.788842202266 ;  
2.80116513362 , -4.3699939709 ;  
0.56439377521 , -2.60392079301 ;  
4.23227946745 , -2.80977967895 ;  
0.593039795263 , -1.43542134465 ;  
4.43311125118 , -1.7292412188 ;  
1.75070670645 , -4.43758805133 ;  
1.44240556999 , -0.520173815864 ;  
3.81446805144 , -4.52384121787 ;  
0.564059200115 , -3.80479037985 ;  
3.86209556387 , -0.598426318185 ;  
0.844878726801 , -0.452446717286 ;  
1.27161707599 , -1.03366722087 ;  
1.8209436714 , -1.1341255291 ;  
1.7207296631 , -1.61567308519 ;  
2.10078117196 , -1.62472966764 ;  
1.75603203989 , -2.10929327977 ;  
2.29792340061 , -1.95293168004 ;  
2.73561659401 , -2.62803244613 ;  
3.17063453697 , -1.90456814329 ;  
2.37912723814 , -3.38250183246 ;  
3.14132469833 , -3.16731065975 ;  
1.76417904385 , -3.28201421967 ;  
2.2592669247 , -3.92553446168 ;  
1.15764550835 , -2.0958729956 ;  
1.72049950438 , -3.87245163535 ;  
1.14869836466 , -3.24945502661 ;  
3.38808926927 , -0.750566743088 ;  
3.59836178042 , -1.10376189798 ;  
3.02324050973 , -1.1192085298 ;  
3.0136250111 , -3.65792865071 ;  
3.64912844795 , -3.62460637214 ;  
3.58940751675 , -3.17001593289 ;  
4.00394562776 , -3.58313290643 ;  
1.81339798468 , -2.67306620291 ;  
3.61269122373 , -2.66511300574 ;  
3.74375565038 , -2.12050497088 ;  
0.565929567853 , -3.19790372766 ;  
2.32176323786 , -4.44526765197 ;  
3.41035883772 , -4.54402686643 ;  
4.36127456299 , -2.29349010731 ;  
0.574827865888 , -2.00576087737 ;  
1.17767872696 , -4.42269733362 ;  
4.45356665133 , -1.17034030599 ;  
4.3128838457 , -3.84462609461 ;  
2.04566846179 , -0.599917941448 ;  
2.29074428272 , -1.2965895557 ;  
1.15010419317 , -3.83696729235 ;  
2.70161186154 , -1.58611101897 ;  
0.701851891198 , -0.900830242364 ;  
3.43282406945 , -1.42102808954 ;  
4.43060177365 , -3.40174290263 ;  
3.74436929913 , -4.057063506 ;  
1.1644613141 , -2.65729737547 ;  
0.591390574705 , -4.40134771977 ;  
4.37896379967 , -4.44566955367 ;  
4.41327563863 , -0.595002742272 ;  
3.26044679318 , -4.20069814839 ;  
1.18795631641 , -1.54828015772 ;  
0.485629108172 , -0.340593204476 ;  
2.66718865273 , -3.9927189853 ;  
3.9456633812 , -1.11951993352 ;  
3.89345404069 , -1.60309433042 ;  
4.09286198662 , -3.26391699991 ;  
1.46419271671 , -4.43014269247 ;  
1.73560310542 , -4.15501984334 ;  
1.43530184878 , -3.85470946385 ;  
1.16389146006 , -4.12983231298 ;  
0.857313966257 , -3.22367937713 ;  
1.15657983938 , -2.95337620104 ;  
0.864427544654 , -2.63060908424 ;  
0.565161671531 , -2.90091226034 ;  
0.350925945599 , -0.762915121182 ;  
0.773365308999 , -0.676638479825 ;  
0.665253917487 , -0.396519960881 ;  
0.242814554086 , -0.482796602238 ;  
3.2056648895 , -0.934887636446 ;  
3.19404463464 , -0.375283371544 ;  
2.78935501224 , -0.394421101133 ;  
2.8009752671 , -0.954025366034 ;  
1.73838085149 , -1.86248318248 ;  
2.02697772025 , -2.03111247991 ;  
2.19935228628 , -1.78883067384 ;  
1.91075541753 , -1.62020137641 ;  
3.76438111527 , -0.299213159092 ;  
3.62509241657 , -0.674496530636 ;  
1.78471501229 , -2.39117974134 ;  
2.27450728934 , -2.65054932452 ;  
2.51676999731 , -2.29048206309 ;  
2.05584397706 , -1.2153575424 ;  
1.77083666725 , -1.37489930714 ;  
2.19576272734 , -1.46065961167 ;  
2.55737191607 , -3.0052671393 ;  
2.69637612462 , -3.52021524159 ;  
3.07747485472 , -3.41261965523 ;  
2.93847064617 , -2.89767155294 ;  
2.07165314099 , -3.33225802607 ;  
1.74233927412 , -3.57723292751 ;  
1.98988321454 , -3.89899304851 ;  
2.31919708142 , -3.65401814707 ;  
1.78878851427 , -2.97754021129 ;  
3.33137672953 , -3.64126751142 ;  
3.61926798235 , -3.39731115251 ;  
3.36536610754 , -3.16866329632 ;  
3.17415390887 , -2.64657272594 ;  
3.67822343706 , -2.39280898831 ;  
3.45719509367 , -2.01253655709 ;  
2.95312556549 , -2.26630029471 ;  
3.60104937024 , -2.91756446931 ;  
0.282029600057 , -3.77739518992 ;  
0.564994383984 , -3.50134705375 ;  
0.282964783927 , -3.16145186383 ;  
2.41088161893 , -4.72263382598 ;  
2.03623497216 , -4.44142785165 ;  
1.81285335323 , -4.71879402567 ;  
3.78223402572 , -4.76192060894 ;  
3.61241344458 , -4.53393404215 ;  
3.26767941886 , -4.77201343321 ;  
0.282196887605 , -2.5519603965 ;  
2.96308256681 , -4.68499698545 ;  
2.56146418574 , -4.40763081144 ;  
4.68063728149 , -2.39674505365 ;  
4.29677701522 , -2.55163489313 ;  
4.61613973373 , -2.96738983948 ;  
4.71655562559 , -1.8021206094 ;  
4.39719290708 , -2.01136566305 ;  
1.2297866962 , -1.2909736893 ;  
0.986734483593 , -0.967248731618 ;  
0.64744584323 , -1.16812579351 ;  
0.890498055834 , -1.49185075118 ;  
0.922439363401 , -0.226223358643 ;  
1.1436421484 , -0.486310266575 ;  
1.55453611833 , -0.260086907932 ;  
0.287413932944 , -1.94038043868 ;  
0.583933830575 , -1.72059111101 ;  
0.296519897631 , -1.34271067232 ;  
0.569610820549 , -2.30484083519 ;  
1.74403701589 , -0.560045878656 ;  
1.35701132299 , -0.776920518368 ;  
1.5462803737 , -1.08389637499 ;  
1.93330606659 , -0.867021735273 ;  
2.18950089756 , -0.299958970724 ;  
4.72678332567 , -1.21017015299 ;  
4.44333895126 , -1.44979076239 ;  
4.16257072704 , -3.03684833943 ;  
3.92248534559 , -2.73744634235 ;  
3.84113475168 , -3.2169664664 ;  
1.16105341122 , -2.37658518553 ;  
0.866236687117 , -2.05081693648 ;  
1.21383936348 , -4.71134866681 ;  
1.45434298975 , -1.58197662145 ;  
1.48892964939 , -2.66518178919 ;  
1.45643870425 , -3.26573462314 ;  
2.4347271536 , -1.04271587898 ;  
2.31218924313 , -0.694380071857 ;  
0.857081696642 , -3.8208788361 ;  
1.14940127891 , -3.54321115948 ;  
4.05251510668 , -2.20699753909 ;  
4.16328264593 , -1.66616777461 ;  
3.81860484553 , -1.86179965065 ;  
0.608195287352 , -4.70067385989 ;  
0.295695287353 , -4.38817385989 ;  
3.49322552485 , -0.927164320533 ;  
3.77201258081 , -1.11164091575 ;  
3.90387947254 , -0.858973125852 ;  
4.68948189983 , -4.41033477684 ;  
4.37698189983 , -4.72283477684 ;  
4.37330448598 , -0.297501371136 ;  
4.70663781931 , -0.610001371136 ;  
2.49976763107 , -1.7695213495 ;  
2.49617807213 , -1.44135028733 ;  
0.492814554087 , -0.170296602238 ;  
2.93612319925 , -1.74533958113 ;  
3.22803228959 , -1.27011830967 ;  
3.51559292494 , -1.26239499376 ;  
1.17280091238 , -1.82207657666 ;  
3.66313905507 , -1.51206120998 ;  
3.30172930321 , -1.66279811642 ;  
2.86242618563 , -1.35265977438 ;  
3.77941867528 , -4.29045236194 ;  
3.50240804616 , -4.12888082719 ;  
3.33540281545 , -4.37236250741 ;  
4.65644192285 , -3.79731304731 ;  
4.71530088683 , -3.26337145132 ;  
4.37174280968 , -3.62318449862 ;  
4.13768560125 , -0.596714530228 ;  
3.0308059634 , -4.28534605965 ;  
1.45683877412 , -2.10258313768 ;  
0.884534650831 , -4.41202252669 ;  
4.15841473673 , -3.71387950052 ;  
3.82653703785 , -3.60386963928 ;  
3.69674887354 , -3.84083493907 ;  
