 Elements = [ 1 ,5 ,121 ,105 ,19 ,317 ,318 ,120  ; 
105 ,121 ,122 ,104 ,318 ,319 ,320 ,119  ; 
104 ,122 ,123 ,103 ,320 ,321 ,322 ,118  ; 
103 ,123 ,124 ,102 ,322 ,323 ,324 ,117  ; 
102 ,124 ,125 ,101 ,324 ,325 ,326 ,116  ; 
101 ,125 ,126 ,100 ,326 ,327 ,328 ,115  ; 
100 ,126 ,127 ,99 ,328 ,329 ,330 ,114  ; 
99 ,127 ,128 ,98 ,330 ,331 ,332 ,113  ; 
98 ,128 ,129 ,97 ,332 ,333 ,334 ,112  ; 
97 ,129 ,130 ,96 ,334 ,335 ,336 ,111  ; 
96 ,130 ,131 ,95 ,336 ,337 ,338 ,110  ; 
95 ,131 ,132 ,94 ,338 ,339 ,340 ,109  ; 
94 ,132 ,133 ,93 ,340 ,341 ,342 ,108  ; 
93 ,133 ,134 ,92 ,342 ,343 ,344 ,107  ; 
92 ,134 ,76 ,4 ,344 ,345 ,91 ,106  ; 
5 ,6 ,135 ,121 ,20 ,346 ,347 ,317  ; 
121 ,135 ,136 ,122 ,347 ,348 ,349 ,319  ; 
122 ,136 ,137 ,123 ,349 ,350 ,351 ,321  ; 
123 ,137 ,138 ,124 ,351 ,352 ,353 ,323  ; 
124 ,138 ,139 ,125 ,353 ,354 ,355 ,325  ; 
125 ,139 ,140 ,126 ,355 ,356 ,357 ,327  ; 
126 ,140 ,141 ,127 ,357 ,358 ,359 ,329  ; 
127 ,141 ,142 ,128 ,359 ,360 ,361 ,331  ; 
128 ,142 ,143 ,129 ,361 ,362 ,363 ,333  ; 
129 ,143 ,144 ,130 ,363 ,364 ,365 ,335  ; 
130 ,144 ,145 ,131 ,365 ,366 ,367 ,337  ; 
131 ,145 ,146 ,132 ,367 ,368 ,369 ,339  ; 
132 ,146 ,147 ,133 ,369 ,370 ,371 ,341  ; 
133 ,147 ,148 ,134 ,371 ,372 ,373 ,343  ; 
134 ,148 ,75 ,76 ,373 ,374 ,90 ,345  ; 
6 ,7 ,149 ,135 ,21 ,375 ,376 ,346  ; 
135 ,149 ,150 ,136 ,376 ,377 ,378 ,348  ; 
136 ,150 ,151 ,137 ,378 ,379 ,380 ,350  ; 
137 ,151 ,152 ,138 ,380 ,381 ,382 ,352  ; 
138 ,152 ,153 ,139 ,382 ,383 ,384 ,354  ; 
139 ,153 ,154 ,140 ,384 ,385 ,386 ,356  ; 
140 ,154 ,155 ,141 ,386 ,387 ,388 ,358  ; 
141 ,155 ,156 ,142 ,388 ,389 ,390 ,360  ; 
142 ,156 ,157 ,143 ,390 ,391 ,392 ,362  ; 
143 ,157 ,158 ,144 ,392 ,393 ,394 ,364  ; 
144 ,158 ,159 ,145 ,394 ,395 ,396 ,366  ; 
145 ,159 ,160 ,146 ,396 ,397 ,398 ,368  ; 
146 ,160 ,161 ,147 ,398 ,399 ,400 ,370  ; 
147 ,161 ,162 ,148 ,400 ,401 ,402 ,372  ; 
148 ,162 ,74 ,75 ,402 ,403 ,89 ,374  ; 
7 ,8 ,163 ,149 ,22 ,404 ,405 ,375  ; 
149 ,163 ,164 ,150 ,405 ,406 ,407 ,377  ; 
150 ,164 ,165 ,151 ,407 ,408 ,409 ,379  ; 
151 ,165 ,166 ,152 ,409 ,410 ,411 ,381  ; 
152 ,166 ,167 ,153 ,411 ,412 ,413 ,383  ; 
153 ,167 ,168 ,154 ,413 ,414 ,415 ,385  ; 
154 ,168 ,169 ,155 ,415 ,416 ,417 ,387  ; 
155 ,169 ,170 ,156 ,417 ,418 ,419 ,389  ; 
156 ,170 ,171 ,157 ,419 ,420 ,421 ,391  ; 
157 ,171 ,172 ,158 ,421 ,422 ,423 ,393  ; 
158 ,172 ,173 ,159 ,423 ,424 ,425 ,395  ; 
159 ,173 ,174 ,160 ,425 ,426 ,427 ,397  ; 
160 ,174 ,175 ,161 ,427 ,428 ,429 ,399  ; 
161 ,175 ,176 ,162 ,429 ,430 ,431 ,401  ; 
162 ,176 ,73 ,74 ,431 ,432 ,88 ,403  ; 
8 ,9 ,177 ,163 ,23 ,433 ,434 ,404  ; 
163 ,177 ,178 ,164 ,434 ,435 ,436 ,406  ; 
164 ,178 ,179 ,165 ,436 ,437 ,438 ,408  ; 
165 ,179 ,180 ,166 ,438 ,439 ,440 ,410  ; 
166 ,180 ,181 ,167 ,440 ,441 ,442 ,412  ; 
167 ,181 ,182 ,168 ,442 ,443 ,444 ,414  ; 
168 ,182 ,183 ,169 ,444 ,445 ,446 ,416  ; 
169 ,183 ,184 ,170 ,446 ,447 ,448 ,418  ; 
170 ,184 ,185 ,171 ,448 ,449 ,450 ,420  ; 
171 ,185 ,186 ,172 ,450 ,451 ,452 ,422  ; 
172 ,186 ,187 ,173 ,452 ,453 ,454 ,424  ; 
173 ,187 ,188 ,174 ,454 ,455 ,456 ,426  ; 
174 ,188 ,189 ,175 ,456 ,457 ,458 ,428  ; 
175 ,189 ,190 ,176 ,458 ,459 ,460 ,430  ; 
176 ,190 ,72 ,73 ,460 ,461 ,87 ,432  ; 
9 ,10 ,191 ,177 ,24 ,462 ,463 ,433  ; 
177 ,191 ,192 ,178 ,463 ,464 ,465 ,435  ; 
178 ,192 ,193 ,179 ,465 ,466 ,467 ,437  ; 
179 ,193 ,194 ,180 ,467 ,468 ,469 ,439  ; 
180 ,194 ,195 ,181 ,469 ,470 ,471 ,441  ; 
181 ,195 ,196 ,182 ,471 ,472 ,473 ,443  ; 
182 ,196 ,197 ,183 ,473 ,474 ,475 ,445  ; 
183 ,197 ,198 ,184 ,475 ,476 ,477 ,447  ; 
184 ,198 ,199 ,185 ,477 ,478 ,479 ,449  ; 
185 ,199 ,200 ,186 ,479 ,480 ,481 ,451  ; 
186 ,200 ,201 ,187 ,481 ,482 ,483 ,453  ; 
187 ,201 ,202 ,188 ,483 ,484 ,485 ,455  ; 
188 ,202 ,203 ,189 ,485 ,486 ,487 ,457  ; 
189 ,203 ,204 ,190 ,487 ,488 ,489 ,459  ; 
190 ,204 ,71 ,72 ,489 ,490 ,86 ,461  ; 
10 ,11 ,205 ,191 ,25 ,491 ,492 ,462  ; 
191 ,205 ,206 ,192 ,492 ,493 ,494 ,464  ; 
192 ,206 ,207 ,193 ,494 ,495 ,496 ,466  ; 
193 ,207 ,208 ,194 ,496 ,497 ,498 ,468  ; 
194 ,208 ,209 ,195 ,498 ,499 ,500 ,470  ; 
195 ,209 ,210 ,196 ,500 ,501 ,502 ,472  ; 
196 ,210 ,211 ,197 ,502 ,503 ,504 ,474  ; 
197 ,211 ,212 ,198 ,504 ,505 ,506 ,476  ; 
198 ,212 ,213 ,199 ,506 ,507 ,508 ,478  ; 
199 ,213 ,214 ,200 ,508 ,509 ,510 ,480  ; 
200 ,214 ,215 ,201 ,510 ,511 ,512 ,482  ; 
201 ,215 ,216 ,202 ,512 ,513 ,514 ,484  ; 
202 ,216 ,217 ,203 ,514 ,515 ,516 ,486  ; 
203 ,217 ,218 ,204 ,516 ,517 ,518 ,488  ; 
204 ,218 ,70 ,71 ,518 ,519 ,85 ,490  ; 
11 ,12 ,219 ,205 ,26 ,520 ,521 ,491  ; 
205 ,219 ,220 ,206 ,521 ,522 ,523 ,493  ; 
206 ,220 ,221 ,207 ,523 ,524 ,525 ,495  ; 
207 ,221 ,222 ,208 ,525 ,526 ,527 ,497  ; 
208 ,222 ,223 ,209 ,527 ,528 ,529 ,499  ; 
209 ,223 ,224 ,210 ,529 ,530 ,531 ,501  ; 
210 ,224 ,225 ,211 ,531 ,532 ,533 ,503  ; 
211 ,225 ,226 ,212 ,533 ,534 ,535 ,505  ; 
212 ,226 ,227 ,213 ,535 ,536 ,537 ,507  ; 
213 ,227 ,228 ,214 ,537 ,538 ,539 ,509  ; 
214 ,228 ,229 ,215 ,539 ,540 ,541 ,511  ; 
215 ,229 ,230 ,216 ,541 ,542 ,543 ,513  ; 
216 ,230 ,231 ,217 ,543 ,544 ,545 ,515  ; 
217 ,231 ,232 ,218 ,545 ,546 ,547 ,517  ; 
218 ,232 ,69 ,70 ,547 ,548 ,84 ,519  ; 
12 ,13 ,233 ,219 ,27 ,549 ,550 ,520  ; 
219 ,233 ,234 ,220 ,550 ,551 ,552 ,522  ; 
220 ,234 ,235 ,221 ,552 ,553 ,554 ,524  ; 
221 ,235 ,236 ,222 ,554 ,555 ,556 ,526  ; 
222 ,236 ,237 ,223 ,556 ,557 ,558 ,528  ; 
223 ,237 ,238 ,224 ,558 ,559 ,560 ,530  ; 
224 ,238 ,239 ,225 ,560 ,561 ,562 ,532  ; 
225 ,239 ,240 ,226 ,562 ,563 ,564 ,534  ; 
226 ,240 ,241 ,227 ,564 ,565 ,566 ,536  ; 
227 ,241 ,242 ,228 ,566 ,567 ,568 ,538  ; 
228 ,242 ,243 ,229 ,568 ,569 ,570 ,540  ; 
229 ,243 ,244 ,230 ,570 ,571 ,572 ,542  ; 
230 ,244 ,245 ,231 ,572 ,573 ,574 ,544  ; 
231 ,245 ,246 ,232 ,574 ,575 ,576 ,546  ; 
232 ,246 ,68 ,69 ,576 ,577 ,83 ,548  ; 
13 ,14 ,247 ,233 ,28 ,578 ,579 ,549  ; 
233 ,247 ,248 ,234 ,579 ,580 ,581 ,551  ; 
234 ,248 ,249 ,235 ,581 ,582 ,583 ,553  ; 
235 ,249 ,250 ,236 ,583 ,584 ,585 ,555  ; 
236 ,250 ,251 ,237 ,585 ,586 ,587 ,557  ; 
237 ,251 ,252 ,238 ,587 ,588 ,589 ,559  ; 
238 ,252 ,253 ,239 ,589 ,590 ,591 ,561  ; 
239 ,253 ,254 ,240 ,591 ,592 ,593 ,563  ; 
240 ,254 ,255 ,241 ,593 ,594 ,595 ,565  ; 
241 ,255 ,256 ,242 ,595 ,596 ,597 ,567  ; 
242 ,256 ,257 ,243 ,597 ,598 ,599 ,569  ; 
243 ,257 ,258 ,244 ,599 ,600 ,601 ,571  ; 
244 ,258 ,259 ,245 ,601 ,602 ,603 ,573  ; 
245 ,259 ,260 ,246 ,603 ,604 ,605 ,575  ; 
246 ,260 ,67 ,68 ,605 ,606 ,82 ,577  ; 
14 ,15 ,261 ,247 ,29 ,607 ,608 ,578  ; 
247 ,261 ,262 ,248 ,608 ,609 ,610 ,580  ; 
248 ,262 ,263 ,249 ,610 ,611 ,612 ,582  ; 
249 ,263 ,264 ,250 ,612 ,613 ,614 ,584  ; 
250 ,264 ,265 ,251 ,614 ,615 ,616 ,586  ; 
251 ,265 ,266 ,252 ,616 ,617 ,618 ,588  ; 
252 ,266 ,267 ,253 ,618 ,619 ,620 ,590  ; 
253 ,267 ,268 ,254 ,620 ,621 ,622 ,592  ; 
254 ,268 ,269 ,255 ,622 ,623 ,624 ,594  ; 
255 ,269 ,270 ,256 ,624 ,625 ,626 ,596  ; 
256 ,270 ,271 ,257 ,626 ,627 ,628 ,598  ; 
257 ,271 ,272 ,258 ,628 ,629 ,630 ,600  ; 
258 ,272 ,273 ,259 ,630 ,631 ,632 ,602  ; 
259 ,273 ,274 ,260 ,632 ,633 ,634 ,604  ; 
260 ,274 ,66 ,67 ,634 ,635 ,81 ,606  ; 
15 ,16 ,275 ,261 ,30 ,636 ,637 ,607  ; 
261 ,275 ,276 ,262 ,637 ,638 ,639 ,609  ; 
262 ,276 ,277 ,263 ,639 ,640 ,641 ,611  ; 
263 ,277 ,278 ,264 ,641 ,642 ,643 ,613  ; 
264 ,278 ,279 ,265 ,643 ,644 ,645 ,615  ; 
265 ,279 ,280 ,266 ,645 ,646 ,647 ,617  ; 
266 ,280 ,281 ,267 ,647 ,648 ,649 ,619  ; 
267 ,281 ,282 ,268 ,649 ,650 ,651 ,621  ; 
268 ,282 ,283 ,269 ,651 ,652 ,653 ,623  ; 
269 ,283 ,284 ,270 ,653 ,654 ,655 ,625  ; 
270 ,284 ,285 ,271 ,655 ,656 ,657 ,627  ; 
271 ,285 ,286 ,272 ,657 ,658 ,659 ,629  ; 
272 ,286 ,287 ,273 ,659 ,660 ,661 ,631  ; 
273 ,287 ,288 ,274 ,661 ,662 ,663 ,633  ; 
274 ,288 ,65 ,66 ,663 ,664 ,80 ,635  ; 
16 ,17 ,289 ,275 ,31 ,665 ,666 ,636  ; 
275 ,289 ,290 ,276 ,666 ,667 ,668 ,638  ; 
276 ,290 ,291 ,277 ,668 ,669 ,670 ,640  ; 
277 ,291 ,292 ,278 ,670 ,671 ,672 ,642  ; 
278 ,292 ,293 ,279 ,672 ,673 ,674 ,644  ; 
279 ,293 ,294 ,280 ,674 ,675 ,676 ,646  ; 
280 ,294 ,295 ,281 ,676 ,677 ,678 ,648  ; 
281 ,295 ,296 ,282 ,678 ,679 ,680 ,650  ; 
