 Nodes = [ 0.0 , 0.0 ;  
0.2 , 0.0 ;  
0.2 , 1.0 ;  
0.0 , 1.0 ;  
0.0133333333333 , 0.0 ;  
0.0266666666666 , 0.0 ;  
0.0399999999999 , 0.0 ;  
0.0533333333332 , 0.0 ;  
0.0666666666665 , 0.0 ;  
0.0799999999998 , 0.0 ;  
0.0933333333331 , 0.0 ;  
0.106666666666 , 0.0 ;  
0.12 , 0.0 ;  
0.133333333333 , 0.0 ;  
0.146666666667 , 0.0 ;  
0.16 , 0.0 ;  
0.173333333333 , 0.0 ;  
0.186666666667 , 0.0 ;  
0.00666666666665 , 0.0 ;  
0.02 , 0.0 ;  
0.0333333333333 , 0.0 ;  
0.0466666666666 , 0.0 ;  
0.0599999999999 , 0.0 ;  
0.0733333333331 , 0.0 ;  
0.0866666666664 , 0.0 ;  
0.0999999999997 , 0.0 ;  
0.113333333333 , 0.0 ;  
0.126666666666 , 0.0 ;  
0.14 , 0.0 ;  
0.153333333333 , 0.0 ;  
0.166666666667 , 0.0 ;  
0.18 , 0.0 ;  
0.193333333333 , 0.0 ;  
0.2 , 0.0666666666665 ;  
0.2 , 0.133333333333 ;  
0.2 , 0.2 ;  
0.2 , 0.266666666666 ;  
0.2 , 0.333333333333 ;  
0.2 , 0.399999999999 ;  
0.2 , 0.466666666665 ;  
0.2 , 0.533333333332 ;  
0.2 , 0.599999999999 ;  
0.2 , 0.666666666666 ;  
0.2 , 0.733333333333 ;  
0.2 , 0.799999999999 ;  
0.2 , 0.866666666666 ;  
0.2 , 0.933333333333 ;  
0.2 , 0.0333333333333 ;  
0.2 , 0.0999999999998 ;  
0.2 , 0.166666666666 ;  
0.2 , 0.233333333333 ;  
0.2 , 0.299999999999 ;  
0.2 , 0.366666666666 ;  
0.2 , 0.433333333332 ;  
0.2 , 0.499999999999 ;  
0.2 , 0.566666666666 ;  
0.2 , 0.633333333332 ;  
0.2 , 0.699999999999 ;  
0.2 , 0.766666666666 ;  
0.2 , 0.833333333333 ;  
0.2 , 0.9 ;  
0.2 , 0.966666666667 ;  
0.186666666667 , 1.0 ;  
0.173333333333 , 1.0 ;  
0.16 , 1.0 ;  
0.146666666667 , 1.0 ;  
0.133333333334 , 1.0 ;  
0.12 , 1.0 ;  
0.106666666667 , 1.0 ;  
0.0933333333336 , 1.0 ;  
0.0800000000002 , 1.0 ;  
0.0666666666669 , 1.0 ;  
0.0533333333335 , 1.0 ;  
0.0400000000001 , 1.0 ;  
0.0266666666667 , 1.0 ;  
0.0133333333334 , 1.0 ;  
0.193333333333 , 1.0 ;  
0.18 , 1.0 ;  
0.166666666667 , 1.0 ;  
0.153333333333 , 1.0 ;  
0.14 , 1.0 ;  
0.126666666667 , 1.0 ;  
0.113333333334 , 1.0 ;  
0.1 , 1.0 ;  
0.0866666666669 , 1.0 ;  
0.0733333333335 , 1.0 ;  
0.0600000000002 , 1.0 ;  
0.0466666666668 , 1.0 ;  
0.0333333333334 , 1.0 ;  
0.0200000000001 , 1.0 ;  
0.00666666666669 , 1.0 ;  
0.0 , 0.933333333333 ;  
0.0 , 0.866666666666 ;  
0.0 , 0.8 ;  
0.0 , 0.733333333334 ;  
0.0 , 0.666666666668 ;  
0.0 , 0.600000000001 ;  
0.0 , 0.533333333335 ;  
0.0 , 0.466666666669 ;  
0.0 , 0.400000000002 ;  
0.0 , 0.333333333335 ;  
0.0 , 0.266666666668 ;  
0.0 , 0.200000000001 ;  
0.0 , 0.133333333334 ;  
0.0 , 0.0666666666669 ;  
0.0 , 0.966666666667 ;  
0.0 , 0.9 ;  
0.0 , 0.833333333333 ;  
0.0 , 0.766666666667 ;  
0.0 , 0.700000000001 ;  
0.0 , 0.633333333335 ;  
0.0 , 0.566666666668 ;  
0.0 , 0.500000000002 ;  
0.0 , 0.433333333335 ;  
0.0 , 0.366666666668 ;  
0.0 , 0.300000000001 ;  
0.0 , 0.233333333334 ;  
0.0 , 0.166666666667 ;  
0.0 , 0.1 ;  
0.0 , 0.0333333333335 ;  
0.0133333333333 , 0.0666666666669 ;  
0.0133333333333 , 0.133333333334 ;  
0.0133333333333 , 0.200000000001 ;  
0.0133333333333 , 0.266666666668 ;  
0.0133333333333 , 0.333333333335 ;  
0.0133333333333 , 0.400000000001 ;  
0.0133333333333 , 0.466666666668 ;  
0.0133333333333 , 0.533333333335 ;  
0.0133333333333 , 0.600000000001 ;  
0.0133333333334 , 0.666666666667 ;  
0.0133333333334 , 0.733333333334 ;  
0.0133333333334 , 0.8 ;  
0.0133333333334 , 0.866666666666 ;  
0.0133333333334 , 0.933333333333 ;  
0.0266666666666 , 0.0666666666669 ;  
0.0266666666666 , 0.133333333334 ;  
0.0266666666666 , 0.200000000001 ;  
0.0266666666667 , 0.266666666668 ;  
0.0266666666667 , 0.333333333334 ;  
0.0266666666667 , 0.400000000001 ;  
0.0266666666667 , 0.466666666668 ;  
0.0266666666667 , 0.533333333335 ;  
0.0266666666667 , 0.600000000001 ;  
0.0266666666667 , 0.666666666667 ;  
0.0266666666667 , 0.733333333334 ;  
0.0266666666667 , 0.8 ;  
0.0266666666667 , 0.866666666666 ;  
0.0266666666667 , 0.933333333333 ;  
0.0399999999999 , 0.0666666666669 ;  
0.0399999999999 , 0.133333333334 ;  
0.04 , 0.200000000001 ;  
0.04 , 0.266666666667 ;  
0.04 , 0.333333333334 ;  
0.04 , 0.400000000001 ;  
0.04 , 0.466666666668 ;  
0.04 , 0.533333333335 ;  
0.04 , 0.600000000001 ;  
0.04 , 0.666666666667 ;  
0.0400000000001 , 0.733333333334 ;  
0.0400000000001 , 0.8 ;  
0.0400000000001 , 0.866666666666 ;  
0.0400000000001 , 0.933333333333 ;  
0.0533333333332 , 0.0666666666668 ;  
0.0533333333332 , 0.133333333334 ;  
0.0533333333333 , 0.2 ;  
0.0533333333333 , 0.266666666667 ;  
0.0533333333333 , 0.333333333334 ;  
0.0533333333333 , 0.400000000001 ;  
0.0533333333333 , 0.466666666668 ;  
0.0533333333334 , 0.533333333334 ;  
0.0533333333334 , 0.600000000001 ;  
0.0533333333334 , 0.666666666667 ;  
0.0533333333334 , 0.733333333333 ;  
0.0533333333334 , 0.8 ;  
0.0533333333334 , 0.866666666666 ;  
0.0533333333335 , 0.933333333333 ;  
0.0666666666665 , 0.0666666666668 ;  
0.0666666666665 , 0.133333333334 ;  
0.0666666666666 , 0.2 ;  
0.0666666666666 , 0.266666666667 ;  
0.0666666666666 , 0.333333333334 ;  
0.0666666666666 , 0.400000000001 ;  
0.0666666666667 , 0.466666666668 ;  
0.0666666666667 , 0.533333333334 ;  
0.0666666666667 , 0.600000000001 ;  
0.0666666666667 , 0.666666666667 ;  
0.0666666666668 , 0.733333333333 ;  
0.0666666666668 , 0.8 ;  
0.0666666666668 , 0.866666666666 ;  
0.0666666666668 , 0.933333333333 ;  
0.0799999999998 , 0.0666666666668 ;  
0.0799999999998 , 0.133333333334 ;  
0.0799999999999 , 0.2 ;  
0.0799999999999 , 0.266666666667 ;  
0.0799999999999 , 0.333333333334 ;  
0.08 , 0.400000000001 ;  
0.08 , 0.466666666667 ;  
0.08 , 0.533333333334 ;  
0.08 , 0.6 ;  
0.0800000000001 , 0.666666666667 ;  
0.0800000000001 , 0.733333333333 ;  
0.0800000000001 , 0.8 ;  
0.0800000000002 , 0.866666666666 ;  
0.0800000000002 , 0.933333333333 ;  
0.0933333333331 , 0.0666666666668 ;  
0.0933333333332 , 0.133333333334 ;  
0.0933333333332 , 0.2 ;  
0.0933333333332 , 0.266666666667 ;  
0.0933333333333 , 0.333333333334 ;  
0.0933333333333 , 0.4 ;  
0.0933333333333 , 0.466666666667 ;  
0.0933333333334 , 0.533333333334 ;  
0.0933333333334 , 0.6 ;  
0.0933333333334 , 0.666666666667 ;  
0.0933333333335 , 0.733333333333 ;  
0.0933333333335 , 0.8 ;  
0.0933333333335 , 0.866666666666 ;  
0.0933333333336 , 0.933333333333 ;  
0.106666666666 , 0.0666666666667 ;  
0.106666666666 , 0.133333333333 ;  
0.106666666667 , 0.2 ;  
0.106666666667 , 0.266666666667 ;  
0.106666666667 , 0.333333333334 ;  
0.106666666667 , 0.4 ;  
0.106666666667 , 0.466666666667 ;  
0.106666666667 , 0.533333333334 ;  
0.106666666667 , 0.6 ;  
0.106666666667 , 0.666666666667 ;  
0.106666666667 , 0.733333333333 ;  
0.106666666667 , 0.8 ;  
0.106666666667 , 0.866666666666 ;  
0.106666666667 , 0.933333333333 ;  
0.12 , 0.0666666666667 ;  
0.12 , 0.133333333333 ;  
0.12 , 0.2 ;  
0.12 , 0.266666666667 ;  
0.12 , 0.333333333333 ;  
0.12 , 0.4 ;  
0.12 , 0.466666666667 ;  
0.12 , 0.533333333333 ;  
0.12 , 0.6 ;  
0.12 , 0.666666666667 ;  
0.12 , 0.733333333333 ;  
0.12 , 0.8 ;  
0.12 , 0.866666666666 ;  
0.12 , 0.933333333333 ;  
0.133333333333 , 0.0666666666667 ;  
0.133333333333 , 0.133333333333 ;  
0.133333333333 , 0.2 ;  
0.133333333333 , 0.266666666667 ;  
0.133333333333 , 0.333333333333 ;  
0.133333333333 , 0.4 ;  
0.133333333333 , 0.466666666666 ;  
0.133333333333 , 0.533333333333 ;  
0.133333333333 , 0.6 ;  
0.133333333333 , 0.666666666666 ;  
0.133333333333 , 0.733333333333 ;  
0.133333333333 , 0.8 ;  
0.133333333333 , 0.866666666666 ;  
0.133333333333 , 0.933333333333 ;  
0.146666666667 , 0.0666666666666 ;  
0.146666666667 , 0.133333333333 ;  
0.146666666667 , 0.2 ;  
0.146666666667 , 0.266666666666 ;  
0.146666666667 , 0.333333333333 ;  
0.146666666667 , 0.4 ;  
0.146666666667 , 0.466666666666 ;  
0.146666666667 , 0.533333333333 ;  
0.146666666667 , 0.6 ;  
0.146666666667 , 0.666666666666 ;  
0.146666666667 , 0.733333333333 ;  
0.146666666667 , 0.8 ;  
0.146666666667 , 0.866666666666 ;  
0.146666666667 , 0.933333333333 ;  
0.16 , 0.0666666666666 ;  
0.16 , 0.133333333333 ;  
0.16 , 0.2 ;  
0.16 , 0.266666666666 ;  
